"run","randomSeed","numTanksBlue","default_observer_minPycor","default_observer_maxPycor","numSoldierBlue","default_observer_maxPxcor","numRidersBlue","default_observer_minPxcor","numTanksRed","numRidersRed","numSoldierRed"
1,2059854809,0,-16,16,0,16,0,-16,0,0,0
2,2059856731,0,-16,16,0,16,0,-16,0,0,10
3,2059857606,0,-16,16,0,16,0,-16,0,0,20
4,2059858138,0,-16,16,0,16,0,-16,0,10,0
5,2059858950,0,-16,16,0,16,0,-16,0,10,10
6,2059859434,0,-16,16,0,16,0,-16,0,10,20
7,2059859888,0,-16,16,0,16,0,-16,0,20,0
8,2059860341,0,-16,16,0,16,0,-16,0,20,10
9,2059860747,0,-16,16,0,16,0,-16,0,20,20
10,2059861200,0,-16,16,0,16,0,-16,10,0,0
11,2059861560,0,-16,16,0,16,0,-16,10,0,10
12,2059861981,0,-16,16,0,16,0,-16,10,0,20
13,2059862356,0,-16,16,0,16,0,-16,10,10,0
14,2059862778,0,-16,16,0,16,0,-16,10,10,10
15,2059863153,0,-16,16,0,16,0,-16,10,10,20
16,2059863575,0,-16,16,0,16,0,-16,10,20,0
17,2059864060,0,-16,16,0,16,0,-16,10,20,10
18,2059864434,0,-16,16,0,16,0,-16,10,20,20
19,2059864700,0,-16,16,0,16,0,-16,20,0,0
20,2059865028,0,-16,16,0,16,0,-16,20,0,10
21,2059865403,0,-16,16,0,16,0,-16,20,0,20
22,2059865763,0,-16,16,0,16,0,-16,20,10,0
23,2059866231,0,-16,16,0,16,0,-16,20,10,10
24,2059866575,0,-16,16,0,16,0,-16,20,10,20
25,2059866872,0,-16,16,0,16,0,-16,20,20,0
26,2059867278,0,-16,16,0,16,0,-16,20,20,10
27,2059867685,0,-16,16,0,16,0,-16,20,20,20
28,2059868091,0,-16,16,0,16,10,-16,0,0,0
29,2059868481,0,-16,16,0,16,10,-16,0,0,10
30,2059868809,0,-16,16,0,16,10,-16,0,0,20
31,2059869169,0,-16,16,0,16,10,-16,0,10,0
32,2059869513,0,-16,16,0,16,10,-16,0,10,10
33,2059869903,0,-16,16,0,16,10,-16,0,10,20
34,2059870247,0,-16,16,0,16,10,-16,0,20,0
35,2059870544,0,-16,16,0,16,10,-16,0,20,10
36,2059870903,0,-16,16,0,16,10,-16,0,20,20
37,2059871388,0,-16,16,0,16,10,-16,10,0,0
38,2059871731,0,-16,16,0,16,10,-16,10,0,10
39,2059872028,0,-16,16,0,16,10,-16,10,0,20
40,2059872435,0,-16,16,0,16,10,-16,10,10,0
41,2059872856,0,-16,16,0,16,10,-16,10,10,10
42,2059873122,0,-16,16,0,16,10,-16,10,10,20
43,2059873481,0,-16,16,0,16,10,-16,10,20,0
44,2059873872,0,-16,16,0,16,10,-16,10,20,10
45,2059874216,0,-16,16,0,16,10,-16,10,20,20
46,2059874606,0,-16,16,0,16,10,-16,20,0,0
47,2059875091,0,-16,16,0,16,10,-16,20,0,10
48,2059875466,0,-16,16,0,16,10,-16,20,0,20
49,2059875825,0,-16,16,0,16,10,-16,20,10,0
50,2059876184,0,-16,16,0,16,10,-16,20,10,10
51,2059876591,0,-16,16,0,16,10,-16,20,10,20
52,2059876888,0,-16,16,0,16,10,-16,20,20,0
53,2059877403,0,-16,16,0,16,10,-16,20,20,10
54,2059877731,0,-16,16,0,16,10,-16,20,20,20
55,2059878122,0,-16,16,0,16,20,-16,0,0,0
56,2059878435,0,-16,16,0,16,20,-16,0,0,10
57,2059878825,0,-16,16,0,16,20,-16,0,0,20
58,2059879247,0,-16,16,0,16,20,-16,0,10,0
59,2059879591,0,-16,16,0,16,20,-16,0,10,10
60,2059879935,0,-16,16,0,16,20,-16,0,10,20
61,2059880263,0,-16,16,0,16,20,-16,0,20,0
62,2059880653,0,-16,16,0,16,20,-16,0,20,10
63,2059881106,0,-16,16,0,16,20,-16,0,20,20
64,2059881528,0,-16,16,0,16,20,-16,10,0,0
65,2059881856,0,-16,16,0,16,20,-16,10,0,10
66,2059882263,0,-16,16,0,16,20,-16,10,0,20
67,2059882606,0,-16,16,0,16,20,-16,10,10,0
68,2059882888,0,-16,16,0,16,20,-16,10,10,10
69,2059883263,0,-16,16,0,16,20,-16,10,10,20
70,2059883669,0,-16,16,0,16,20,-16,10,20,0
71,2059884044,0,-16,16,0,16,20,-16,10,20,10
72,2059884372,0,-16,16,0,16,20,-16,10,20,20
73,2059884669,0,-16,16,0,16,20,-16,20,0,0
74,2059885013,0,-16,16,0,16,20,-16,20,0,10
75,2059885294,0,-16,16,0,16,20,-16,20,0,20
76,2059885716,0,-16,16,0,16,20,-16,20,10,0
77,2059886122,0,-16,16,0,16,20,-16,20,10,10
78,2059886560,0,-16,16,0,16,20,-16,20,10,20
79,2059886935,0,-16,16,0,16,20,-16,20,20,0
80,2059887263,0,-16,16,0,16,20,-16,20,20,10
81,2059887528,0,-16,16,0,16,20,-16,20,20,20
82,2059887919,0,-16,16,10,16,0,-16,0,0,0
83,2059888310,0,-16,16,10,16,0,-16,0,0,10
84,2059888716,0,-16,16,10,16,0,-16,0,0,20
85,2059889028,0,-16,16,10,16,0,-16,0,10,0
86,2059889325,0,-16,16,10,16,0,-16,0,10,10
87,2059889669,0,-16,16,10,16,0,-16,0,10,20
88,2059890075,0,-16,16,10,16,0,-16,0,20,0
89,2059890466,0,-16,16,10,16,0,-16,0,20,10
90,2059890825,0,-16,16,10,16,0,-16,0,20,20
91,2059891169,0,-16,16,10,16,0,-16,10,0,0
92,2059891638,0,-16,16,10,16,0,-16,10,0,10
93,2059891997,0,-16,16,10,16,0,-16,10,0,20
94,2059892325,0,-16,16,10,16,0,-16,10,10,0
95,2059892669,0,-16,16,10,16,0,-16,10,10,10
96,2059892997,0,-16,16,10,16,0,-16,10,10,20
97,2059893309,0,-16,16,10,16,0,-16,10,20,0
98,2059893591,0,-16,16,10,16,0,-16,10,20,10
99,2059893872,0,-16,16,10,16,0,-16,10,20,20
100,2059894247,0,-16,16,10,16,0,-16,20,0,0
101,2059894653,0,-16,16,10,16,0,-16,20,0,10
102,2059894981,0,-16,16,10,16,0,-16,20,0,20
103,2059895294,0,-16,16,10,16,0,-16,20,10,0
104,2059895700,0,-16,16,10,16,0,-16,20,10,10
105,2059896044,0,-16,16,10,16,0,-16,20,10,20
106,2059896388,0,-16,16,10,16,0,-16,20,20,0
107,2059896653,0,-16,16,10,16,0,-16,20,20,10
108,2059896981,0,-16,16,10,16,0,-16,20,20,20
109,2059897372,0,-16,16,10,16,10,-16,0,0,0
110,2059897810,0,-16,16,10,16,10,-16,0,0,10
111,2059898263,0,-16,16,10,16,10,-16,0,0,20
112,2059898591,0,-16,16,10,16,10,-16,0,10,0
113,2059898934,0,-16,16,10,16,10,-16,0,10,10
114,2059899263,0,-16,16,10,16,10,-16,0,10,20
115,2059899606,0,-16,16,10,16,10,-16,0,20,0
116,2059899984,0,-16,16,10,16,10,-16,0,20,10
117,2059900405,0,-16,16,10,16,10,-16,0,20,20
118,2059900765,0,-16,16,10,16,10,-16,10,0,0
119,2059901187,0,-16,16,10,16,10,-16,10,0,10
120,2059901515,0,-16,16,10,16,10,-16,10,0,20
121,2059901952,0,-16,16,10,16,10,-16,10,10,0
122,2059902265,0,-16,16,10,16,10,-16,10,10,10
123,2059902577,0,-16,16,10,16,10,-16,10,10,20
124,2059902968,0,-16,16,10,16,10,-16,10,20,0
125,2059903359,0,-16,16,10,16,10,-16,10,20,10
126,2059903702,0,-16,16,10,16,10,-16,10,20,20
127,2059904109,0,-16,16,10,16,10,-16,20,0,0
128,2059904437,0,-16,16,10,16,10,-16,20,0,10
129,2059904859,0,-16,16,10,16,10,-16,20,0,20
130,2059905171,0,-16,16,10,16,10,-16,20,10,0
131,2059905609,0,-16,16,10,16,10,-16,20,10,10
132,2059905968,0,-16,16,10,16,10,-16,20,10,20
133,2059906312,0,-16,16,10,16,10,-16,20,20,0
134,2059906765,0,-16,16,10,16,10,-16,20,20,10
135,2059907140,0,-16,16,10,16,10,-16,20,20,20
136,2059907546,0,-16,16,10,16,20,-16,0,0,0
137,2059907952,0,-16,16,10,16,20,-16,0,0,10
138,2059908265,0,-16,16,10,16,20,-16,0,0,20
139,2059908734,0,-16,16,10,16,20,-16,0,10,0
140,2059908999,0,-16,16,10,16,20,-16,0,10,10
141,2059909359,0,-16,16,10,16,20,-16,0,10,20
142,2059909640,0,-16,16,10,16,20,-16,0,20,0
143,2059910046,0,-16,16,10,16,20,-16,0,20,10
144,2059910421,0,-16,16,10,16,20,-16,0,20,20
145,2059910734,0,-16,16,10,16,20,-16,10,0,0
146,2059911109,0,-16,16,10,16,20,-16,10,0,10
147,2059911421,0,-16,16,10,16,20,-16,10,0,20
148,2059911780,0,-16,16,10,16,20,-16,10,10,0
149,2059912155,0,-16,16,10,16,20,-16,10,10,10
150,2059912562,0,-16,16,10,16,20,-16,10,10,20
151,2059912859,0,-16,16,10,16,20,-16,10,20,0
152,2059913218,0,-16,16,10,16,20,-16,10,20,10
153,2059913577,0,-16,16,10,16,20,-16,10,20,20
154,2059913937,0,-16,16,10,16,20,-16,20,0,0
155,2059914343,0,-16,16,10,16,20,-16,20,0,10
156,2059914749,0,-16,16,10,16,20,-16,20,0,20
157,2059915109,0,-16,16,10,16,20,-16,20,10,0
158,2059915437,0,-16,16,10,16,20,-16,20,10,10
159,2059915749,0,-16,16,10,16,20,-16,20,10,20
160,2059916062,0,-16,16,10,16,20,-16,20,20,0
161,2059916421,0,-16,16,10,16,20,-16,20,20,10
162,2059916734,0,-16,16,10,16,20,-16,20,20,20
163,2059917109,0,-16,16,20,16,0,-16,0,0,0
164,2059917484,0,-16,16,20,16,0,-16,0,0,10
165,2059917843,0,-16,16,20,16,0,-16,0,0,20
166,2059918140,0,-16,16,20,16,0,-16,0,10,0
167,2059918609,0,-16,16,20,16,0,-16,0,10,10
168,2059918999,0,-16,16,20,16,0,-16,0,10,20
169,2059919437,0,-16,16,20,16,0,-16,0,20,0
170,2059919859,0,-16,16,20,16,0,-16,0,20,10
171,2059920218,0,-16,16,20,16,0,-16,0,20,20
172,2059920562,0,-16,16,20,16,0,-16,10,0,0
173,2059920906,0,-16,16,20,16,0,-16,10,0,10
174,2059921249,0,-16,16,20,16,0,-16,10,0,20
175,2059921702,0,-16,16,20,16,0,-16,10,10,0
176,2059921999,0,-16,16,20,16,0,-16,10,10,10
177,2059922359,0,-16,16,20,16,0,-16,10,10,20
178,2059922781,0,-16,16,20,16,0,-16,10,20,0
179,2059923031,0,-16,16,20,16,0,-16,10,20,10
180,2059923437,0,-16,16,20,16,0,-16,10,20,20
181,2059923780,0,-16,16,20,16,0,-16,20,0,0
182,2059924202,0,-16,16,20,16,0,-16,20,0,10
183,2059924609,0,-16,16,20,16,0,-16,20,0,20
184,2059925062,0,-16,16,20,16,0,-16,20,10,0
185,2059925406,0,-16,16,20,16,0,-16,20,10,10
186,2059925702,0,-16,16,20,16,0,-16,20,10,20
187,2059926030,0,-16,16,20,16,0,-16,20,20,0
188,2059926296,0,-16,16,20,16,0,-16,20,20,10
189,2059926624,0,-16,16,20,16,0,-16,20,20,20
190,2059926999,0,-16,16,20,16,10,-16,0,0,0
191,2059927296,0,-16,16,20,16,10,-16,0,0,10
192,2059927671,0,-16,16,20,16,10,-16,0,0,20
193,2059928030,0,-16,16,20,16,10,-16,0,10,0
194,2059928452,0,-16,16,20,16,10,-16,0,10,10
195,2059928827,0,-16,16,20,16,10,-16,0,10,20
196,2059929156,0,-16,16,20,16,10,-16,0,20,0
197,2059929437,0,-16,16,20,16,10,-16,0,20,10
198,2059929749,0,-16,16,20,16,10,-16,0,20,20
199,2059930062,0,-16,16,20,16,10,-16,10,0,0
200,2059930374,0,-16,16,20,16,10,-16,10,0,10
201,2059930702,0,-16,16,20,16,10,-16,10,0,20
202,2059931140,0,-16,16,20,16,10,-16,10,10,0
203,2059931452,0,-16,16,20,16,10,-16,10,10,10
204,2059931796,0,-16,16,20,16,10,-16,10,10,20
205,2059932077,0,-16,16,20,16,10,-16,10,20,0
206,2059932421,0,-16,16,20,16,10,-16,10,20,10
207,2059932843,0,-16,16,20,16,10,-16,10,20,20
208,2059933140,0,-16,16,20,16,10,-16,20,0,0
209,2059933499,0,-16,16,20,16,10,-16,20,0,10
210,2059933796,0,-16,16,20,16,10,-16,20,0,20
211,2059934124,0,-16,16,20,16,10,-16,20,10,0
212,2059934421,0,-16,16,20,16,10,-16,20,10,10
213,2059934827,0,-16,16,20,16,10,-16,20,10,20
214,2059935280,0,-16,16,20,16,10,-16,20,20,0
215,2059935593,0,-16,16,20,16,10,-16,20,20,10
216,2059936030,0,-16,16,20,16,10,-16,20,20,20
217,2059936359,0,-16,16,20,16,20,-16,0,0,0
218,2059936718,0,-16,16,20,16,20,-16,0,0,10
219,2059937046,0,-16,16,20,16,20,-16,0,0,20
220,2059937406,0,-16,16,20,16,20,-16,0,10,0
221,2059937749,0,-16,16,20,16,20,-16,0,10,10
222,2059938155,0,-16,16,20,16,20,-16,0,10,20
223,2059938515,0,-16,16,20,16,20,-16,0,20,0
224,2059938968,0,-16,16,20,16,20,-16,0,20,10
225,2059939374,0,-16,16,20,16,20,-16,0,20,20
226,2059939687,0,-16,16,20,16,20,-16,10,0,0
227,2059939984,0,-16,16,20,16,20,-16,10,0,10
228,2059940312,0,-16,16,20,16,20,-16,10,0,20
229,2059940718,0,-16,16,20,16,20,-16,10,10,0
230,2059941109,0,-16,16,20,16,20,-16,10,10,10
231,2059941468,0,-16,16,20,16,20,-16,10,10,20
232,2059941827,0,-16,16,20,16,20,-16,10,20,0
233,2059942187,0,-16,16,20,16,20,-16,10,20,10
234,2059942671,0,-16,16,20,16,20,-16,10,20,20
235,2059943030,0,-16,16,20,16,20,-16,20,0,0
236,2059943405,0,-16,16,20,16,20,-16,20,0,10
237,2059943718,0,-16,16,20,16,20,-16,20,0,20
238,2059944093,0,-16,16,20,16,20,-16,20,10,0
239,2059944499,0,-16,16,20,16,20,-16,20,10,10
240,2059944827,0,-16,16,20,16,20,-16,20,10,20
241,2059945093,0,-16,16,20,16,20,-16,20,20,0
242,2059945499,0,-16,16,20,16,20,-16,20,20,10
243,2059945890,0,-16,16,20,16,20,-16,20,20,20
244,2059946234,10,-16,16,0,16,0,-16,0,0,0
245,2059946530,10,-16,16,0,16,0,-16,0,0,10
246,2059946843,10,-16,16,0,16,0,-16,0,0,20
247,2059947140,10,-16,16,0,16,0,-16,0,10,0
248,2059947499,10,-16,16,0,16,0,-16,0,10,10
249,2059947780,10,-16,16,0,16,0,-16,0,10,20
250,2059948109,10,-16,16,0,16,0,-16,0,20,0
251,2059948484,10,-16,16,0,16,0,-16,0,20,10
252,2059948827,10,-16,16,0,16,0,-16,0,20,20
253,2059949093,10,-16,16,0,16,0,-16,10,0,0
254,2059949515,10,-16,16,0,16,0,-16,10,0,10
255,2059949812,10,-16,16,0,16,0,-16,10,0,20
256,2059950202,10,-16,16,0,16,0,-16,10,10,0
257,2059950484,10,-16,16,0,16,0,-16,10,10,10
258,2059950890,10,-16,16,0,16,0,-16,10,10,20
259,2059951249,10,-16,16,0,16,0,-16,10,20,0
260,2059951671,10,-16,16,0,16,0,-16,10,20,10
261,2059952046,10,-16,16,0,16,0,-16,10,20,20
262,2059952374,10,-16,16,0,16,0,-16,20,0,0
263,2059952702,10,-16,16,0,16,0,-16,20,0,10
264,2059953093,10,-16,16,0,16,0,-16,20,0,20
265,2059953499,10,-16,16,0,16,0,-16,20,10,0
266,2059953812,10,-16,16,0,16,0,-16,20,10,10
267,2059954234,10,-16,16,0,16,0,-16,20,10,20
268,2059954546,10,-16,16,0,16,0,-16,20,20,0
269,2059954937,10,-16,16,0,16,0,-16,20,20,10
270,2059955265,10,-16,16,0,16,0,-16,20,20,20
271,2059955593,10,-16,16,0,16,10,-16,0,0,0
272,2059955952,10,-16,16,0,16,10,-16,0,0,10
273,2059956343,10,-16,16,0,16,10,-16,0,0,20
274,2059956749,10,-16,16,0,16,10,-16,0,10,0
275,2059957062,10,-16,16,0,16,10,-16,0,10,10
276,2059957452,10,-16,16,0,16,10,-16,0,10,20
277,2059957812,10,-16,16,0,16,10,-16,0,20,0
278,2059958202,10,-16,16,0,16,10,-16,0,20,10
279,2059958515,10,-16,16,0,16,10,-16,0,20,20
280,2059958890,10,-16,16,0,16,10,-16,10,0,0
281,2059959202,10,-16,16,0,16,10,-16,10,0,10
282,2059959484,10,-16,16,0,16,10,-16,10,0,20
283,2059960084,10,-16,16,0,16,10,-16,10,10,0
284,2059960459,10,-16,16,0,16,10,-16,10,10,10
285,2059960772,10,-16,16,0,16,10,-16,10,10,20
286,2059961115,10,-16,16,0,16,10,-16,10,20,0
287,2059961475,10,-16,16,0,16,10,-16,10,20,10
288,2059961709,10,-16,16,0,16,10,-16,10,20,20
289,2059962037,10,-16,16,0,16,10,-16,20,0,0
290,2059962365,10,-16,16,0,16,10,-16,20,0,10
291,2059962818,10,-16,16,0,16,10,-16,20,0,20
292,2059963271,10,-16,16,0,16,10,-16,20,10,0
293,2059963600,10,-16,16,0,16,10,-16,20,10,10
294,2059963990,10,-16,16,0,16,10,-16,20,10,20
295,2059964397,10,-16,16,0,16,10,-16,20,20,0
296,2059964662,10,-16,16,0,16,10,-16,20,20,10
297,2059964975,10,-16,16,0,16,10,-16,20,20,20
298,2059965334,10,-16,16,0,16,20,-16,0,0,0
299,2059965709,10,-16,16,0,16,20,-16,0,0,10
300,2059966037,10,-16,16,0,16,20,-16,0,0,20
301,2059966428,10,-16,16,0,16,20,-16,0,10,0
302,2059966772,10,-16,16,0,16,20,-16,0,10,10
303,2059967131,10,-16,16,0,16,20,-16,0,10,20
304,2059967521,10,-16,16,0,16,20,-16,0,20,0
305,2059967928,10,-16,16,0,16,20,-16,0,20,10
306,2059968256,10,-16,16,0,16,20,-16,0,20,20
307,2059968693,10,-16,16,0,16,20,-16,10,0,0
308,2059969084,10,-16,16,0,16,20,-16,10,0,10
309,2059969428,10,-16,16,0,16,20,-16,10,0,20
310,2059969787,10,-16,16,0,16,20,-16,10,10,0
311,2059970115,10,-16,16,0,16,20,-16,10,10,10
312,2059970537,10,-16,16,0,16,20,-16,10,10,20
313,2059970803,10,-16,16,0,16,20,-16,10,20,0
314,2059971225,10,-16,16,0,16,20,-16,10,20,10
315,2059971678,10,-16,16,0,16,20,-16,10,20,20
316,2059972006,10,-16,16,0,16,20,-16,20,0,0
317,2059972428,10,-16,16,0,16,20,-16,20,0,10
318,2059972787,10,-16,16,0,16,20,-16,20,0,20
319,2059973147,10,-16,16,0,16,20,-16,20,10,0
320,2059973428,10,-16,16,0,16,20,-16,20,10,10
321,2059973787,10,-16,16,0,16,20,-16,20,10,20
322,2059974084,10,-16,16,0,16,20,-16,20,20,0
323,2059974443,10,-16,16,0,16,20,-16,20,20,10
324,2059974881,10,-16,16,0,16,20,-16,20,20,20
325,2059975225,10,-16,16,10,16,0,-16,0,0,0
326,2059975553,10,-16,16,10,16,0,-16,0,0,10
327,2059975912,10,-16,16,10,16,0,-16,0,0,20
328,2059976350,10,-16,16,10,16,0,-16,0,10,0
329,2059976772,10,-16,16,10,16,0,-16,0,10,10
330,2059977178,10,-16,16,10,16,0,-16,0,10,20
331,2059977537,10,-16,16,10,16,0,-16,0,20,0
332,2059977787,10,-16,16,10,16,0,-16,0,20,10
333,2059978100,10,-16,16,10,16,0,-16,0,20,20
334,2059978459,10,-16,16,10,16,0,-16,10,0,0
335,2059978803,10,-16,16,10,16,0,-16,10,0,10
336,2059979147,10,-16,16,10,16,0,-16,10,0,20
337,2059979584,10,-16,16,10,16,0,-16,10,10,0
338,2059979975,10,-16,16,10,16,0,-16,10,10,10
339,2059980381,10,-16,16,10,16,0,-16,10,10,20
340,2059980631,10,-16,16,10,16,0,-16,10,20,0
341,2059980975,10,-16,16,10,16,0,-16,10,20,10
342,2059981334,10,-16,16,10,16,0,-16,10,20,20
343,2059981631,10,-16,16,10,16,0,-16,20,0,0
344,2059982053,10,-16,16,10,16,0,-16,20,0,10
345,2059982459,10,-16,16,10,16,0,-16,20,0,20
346,2059982818,10,-16,16,10,16,0,-16,20,10,0
347,2059983209,10,-16,16,10,16,0,-16,20,10,10
348,2059983584,10,-16,16,10,16,0,-16,20,10,20
349,2059984053,10,-16,16,10,16,0,-16,20,20,0
350,2059984428,10,-16,16,10,16,0,-16,20,20,10
351,2059984787,10,-16,16,10,16,0,-16,20,20,20
352,2059985162,10,-16,16,10,16,10,-16,0,0,0
353,2059985506,10,-16,16,10,16,10,-16,0,0,10
354,2059985818,10,-16,16,10,16,10,-16,0,0,20
355,2059986131,10,-16,16,10,16,10,-16,0,10,0
356,2059986553,10,-16,16,10,16,10,-16,0,10,10
357,2059986943,10,-16,16,10,16,10,-16,0,10,20
358,2059987365,10,-16,16,10,16,10,-16,0,20,0
359,2059987772,10,-16,16,10,16,10,-16,0,20,10
360,2059988162,10,-16,16,10,16,10,-16,0,20,20
361,2059988584,10,-16,16,10,16,10,-16,10,0,0
362,2059988928,10,-16,16,10,16,10,-16,10,0,10
363,2059989256,10,-16,16,10,16,10,-16,10,0,20
364,2059989522,10,-16,16,10,16,10,-16,10,10,0
365,2059989834,10,-16,16,10,16,10,-16,10,10,10
366,2059990147,10,-16,16,10,16,10,-16,10,10,20
367,2059990459,10,-16,16,10,16,10,-16,10,20,0
368,2059990881,10,-16,16,10,16,10,-16,10,20,10
369,2059991256,10,-16,16,10,16,10,-16,10,20,20
370,2059991600,10,-16,16,10,16,10,-16,20,0,0
371,2059991912,10,-16,16,10,16,10,-16,20,0,10
372,2059992209,10,-16,16,10,16,10,-16,20,0,20
373,2059992600,10,-16,16,10,16,10,-16,20,10,0
374,2059992865,10,-16,16,10,16,10,-16,20,10,10
375,2059993178,10,-16,16,10,16,10,-16,20,10,20
376,2059993568,10,-16,16,10,16,10,-16,20,20,0
377,2059993912,10,-16,16,10,16,10,-16,20,20,10
378,2059994193,10,-16,16,10,16,10,-16,20,20,20
379,2059994537,10,-16,16,10,16,20,-16,0,0,0
380,2059994850,10,-16,16,10,16,20,-16,0,0,10
381,2059995272,10,-16,16,10,16,20,-16,0,0,20
382,2059995647,10,-16,16,10,16,20,-16,0,10,0
383,2059995959,10,-16,16,10,16,20,-16,0,10,10
384,2059996397,10,-16,16,10,16,20,-16,0,10,20
385,2059996803,10,-16,16,10,16,20,-16,0,20,0
386,2059997225,10,-16,16,10,16,20,-16,0,20,10
387,2059997662,10,-16,16,10,16,20,-16,0,20,20
388,2059998022,10,-16,16,10,16,20,-16,10,0,0
389,2059998397,10,-16,16,10,16,20,-16,10,0,10
390,2059998772,10,-16,16,10,16,20,-16,10,0,20
391,2059999147,10,-16,16,10,16,20,-16,10,10,0
392,2059999568,10,-16,16,10,16,20,-16,10,10,10
393,2060000037,10,-16,16,10,16,20,-16,10,10,20
394,2060000381,10,-16,16,10,16,20,-16,10,20,0
395,2060000709,10,-16,16,10,16,20,-16,10,20,10
396,2060001053,10,-16,16,10,16,20,-16,10,20,20
397,2060001397,10,-16,16,10,16,20,-16,20,0,0
398,2060001756,10,-16,16,10,16,20,-16,20,0,10
399,2060001975,10,-16,16,10,16,20,-16,20,0,20
400,2060002350,10,-16,16,10,16,20,-16,20,10,0
401,2060002740,10,-16,16,10,16,20,-16,20,10,10
402,2060003131,10,-16,16,10,16,20,-16,20,10,20
403,2060003506,10,-16,16,10,16,20,-16,20,20,0
404,2060003881,10,-16,16,10,16,20,-16,20,20,10
405,2060004240,10,-16,16,10,16,20,-16,20,20,20
406,2060004553,10,-16,16,20,16,0,-16,0,0,0
407,2060004912,10,-16,16,20,16,0,-16,0,0,10
408,2060005256,10,-16,16,20,16,0,-16,0,0,20
409,2060005631,10,-16,16,20,16,0,-16,0,10,0
410,2060006068,10,-16,16,20,16,0,-16,0,10,10
411,2060006397,10,-16,16,20,16,0,-16,0,10,20
412,2060006834,10,-16,16,20,16,0,-16,0,20,0
413,2060007147,10,-16,16,20,16,0,-16,0,20,10
414,2060007475,10,-16,16,20,16,0,-16,0,20,20
415,2060007865,10,-16,16,20,16,0,-16,10,0,0
416,2060008225,10,-16,16,20,16,0,-16,10,0,10
417,2060008553,10,-16,16,20,16,0,-16,10,0,20
418,2060008959,10,-16,16,20,16,0,-16,10,10,0
419,2060009350,10,-16,16,20,16,0,-16,10,10,10
420,2060009756,10,-16,16,20,16,0,-16,10,10,20
421,2060010147,10,-16,16,20,16,0,-16,10,20,0
422,2060010475,10,-16,16,20,16,0,-16,10,20,10
423,2060010943,10,-16,16,20,16,0,-16,10,20,20
424,2060011350,10,-16,16,20,16,0,-16,20,0,0
425,2060011678,10,-16,16,20,16,0,-16,20,0,10
426,2060012037,10,-16,16,20,16,0,-16,20,0,20
427,2060012334,10,-16,16,20,16,0,-16,20,10,0
428,2060012631,10,-16,16,20,16,0,-16,20,10,10
429,2060013084,10,-16,16,20,16,0,-16,20,10,20
430,2060013443,10,-16,16,20,16,0,-16,20,20,0
431,2060013834,10,-16,16,20,16,0,-16,20,20,10
432,2060014115,10,-16,16,20,16,0,-16,20,20,20
433,2060014506,10,-16,16,20,16,10,-16,0,0,0
434,2060014818,10,-16,16,20,16,10,-16,0,0,10
435,2060015115,10,-16,16,20,16,10,-16,0,0,20
436,2060015459,10,-16,16,20,16,10,-16,0,10,0
437,2060015803,10,-16,16,20,16,10,-16,0,10,10
438,2060016115,10,-16,16,20,16,10,-16,0,10,20
439,2060016475,10,-16,16,20,16,10,-16,0,20,0
440,2060016928,10,-16,16,20,16,10,-16,0,20,10
441,2060017334,10,-16,16,20,16,10,-16,0,20,20
442,2060017646,10,-16,16,20,16,10,-16,10,0,0
443,2060017928,10,-16,16,20,16,10,-16,10,0,10
444,2060018256,10,-16,16,20,16,10,-16,10,0,20
445,2060018553,10,-16,16,20,16,10,-16,10,10,0
446,2060018912,10,-16,16,20,16,10,-16,10,10,10
447,2060019303,10,-16,16,20,16,10,-16,10,10,20
448,2060019725,10,-16,16,20,16,10,-16,10,20,0
449,2060020133,10,-16,16,20,16,10,-16,10,20,10
450,2060020477,10,-16,16,20,16,10,-16,10,20,20
451,2060020852,10,-16,16,20,16,10,-16,20,0,0
452,2060021102,10,-16,16,20,16,10,-16,20,0,10
453,2060021461,10,-16,16,20,16,10,-16,20,0,20
454,2060021836,10,-16,16,20,16,10,-16,20,10,0
455,2060022227,10,-16,16,20,16,10,-16,20,10,10
456,2060022524,10,-16,16,20,16,10,-16,20,10,20
457,2060022930,10,-16,16,20,16,10,-16,20,20,0
458,2060023289,10,-16,16,20,16,10,-16,20,20,10
459,2060023711,10,-16,16,20,16,10,-16,20,20,20
460,2060024118,10,-16,16,20,16,20,-16,0,0,0
461,2060024477,10,-16,16,20,16,20,-16,0,0,10
462,2060024805,10,-16,16,20,16,20,-16,0,0,20
463,2060025133,10,-16,16,20,16,20,-16,0,10,0
464,2060025446,10,-16,16,20,16,20,-16,0,10,10
465,2060025789,10,-16,16,20,16,20,-16,0,10,20
466,2060026196,10,-16,16,20,16,20,-16,0,20,0
467,2060026586,10,-16,16,20,16,20,-16,0,20,10
468,2060026930,10,-16,16,20,16,20,-16,0,20,20
469,2060027305,10,-16,16,20,16,20,-16,10,0,0
470,2060027680,10,-16,16,20,16,20,-16,10,0,10
471,2060028102,10,-16,16,20,16,20,-16,10,0,20
472,2060028493,10,-16,16,20,16,20,-16,10,10,0
473,2060028805,10,-16,16,20,16,20,-16,10,10,10
474,2060029133,10,-16,16,20,16,20,-16,10,10,20
475,2060029508,10,-16,16,20,16,20,-16,10,20,0
476,2060029868,10,-16,16,20,16,20,-16,10,20,10
477,2060030258,10,-16,16,20,16,20,-16,10,20,20
478,2060030711,10,-16,16,20,16,20,-16,20,0,0
479,2060031024,10,-16,16,20,16,20,-16,20,0,10
480,2060031352,10,-16,16,20,16,20,-16,20,0,20
481,2060031664,10,-16,16,20,16,20,-16,20,10,0
482,2060032024,10,-16,16,20,16,20,-16,20,10,10
483,2060032336,10,-16,16,20,16,20,-16,20,10,20
484,2060032711,10,-16,16,20,16,20,-16,20,20,0
485,2060033086,10,-16,16,20,16,20,-16,20,20,10
486,2060033477,10,-16,16,20,16,20,-16,20,20,20
487,2060033899,20,-16,16,0,16,0,-16,0,0,0
488,2060034211,20,-16,16,0,16,0,-16,0,0,10
489,2060034571,20,-16,16,0,16,0,-16,0,0,20
490,2060035008,20,-16,16,0,16,0,-16,0,10,0
491,2060035414,20,-16,16,0,16,0,-16,0,10,10
492,2060035868,20,-16,16,0,16,0,-16,0,10,20
493,2060036258,20,-16,16,0,16,0,-16,0,20,0
494,2060036680,20,-16,16,0,16,0,-16,0,20,10
495,2060037180,20,-16,16,0,16,0,-16,0,20,20
496,2060037586,20,-16,16,0,16,0,-16,10,0,0
497,2060038039,20,-16,16,0,16,0,-16,10,0,10
498,2060038461,20,-16,16,0,16,0,-16,10,0,20
499,2060038836,20,-16,16,0,16,0,-16,10,10,0
500,2060039196,20,-16,16,0,16,0,-16,10,10,10
501,2060039477,20,-16,16,0,16,0,-16,10,10,20
502,2060039821,20,-16,16,0,16,0,-16,10,20,0
503,2060040164,20,-16,16,0,16,0,-16,10,20,10
504,2060040461,20,-16,16,0,16,0,-16,10,20,20
505,2060040883,20,-16,16,0,16,0,-16,20,0,0
506,2060041227,20,-16,16,0,16,0,-16,20,0,10
507,2060041555,20,-16,16,0,16,0,-16,20,0,20
508,2060041836,20,-16,16,0,16,0,-16,20,10,0
509,2060042164,20,-16,16,0,16,0,-16,20,10,10
510,2060042571,20,-16,16,0,16,0,-16,20,10,20
511,2060042914,20,-16,16,0,16,0,-16,20,20,0
512,2060043211,20,-16,16,0,16,0,-16,20,20,10
513,2060043524,20,-16,16,0,16,0,-16,20,20,20
514,2060043899,20,-16,16,0,16,10,-16,0,0,0
515,2060044289,20,-16,16,0,16,10,-16,0,0,10
516,2060044617,20,-16,16,0,16,10,-16,0,0,20
517,2060045008,20,-16,16,0,16,10,-16,0,10,0
518,2060045461,20,-16,16,0,16,10,-16,0,10,10
519,2060045805,20,-16,16,0,16,10,-16,0,10,20
520,2060046133,20,-16,16,0,16,10,-16,0,20,0
521,2060046446,20,-16,16,0,16,10,-16,0,20,10
522,2060046758,20,-16,16,0,16,10,-16,0,20,20
523,2060047086,20,-16,16,0,16,10,-16,10,0,0
524,2060047461,20,-16,16,0,16,10,-16,10,0,10
525,2060047805,20,-16,16,0,16,10,-16,10,0,20
526,2060048227,20,-16,16,0,16,10,-16,10,10,0
527,2060048633,20,-16,16,0,16,10,-16,10,10,10
528,2060048977,20,-16,16,0,16,10,-16,10,10,20
529,2060049446,20,-16,16,0,16,10,-16,10,20,0
530,2060049836,20,-16,16,0,16,10,-16,10,20,10
531,2060050180,20,-16,16,0,16,10,-16,10,20,20
532,2060050602,20,-16,16,0,16,10,-16,20,0,0
533,2060050993,20,-16,16,0,16,10,-16,20,0,10
534,2060051353,20,-16,16,0,16,10,-16,20,0,20
535,2060051774,20,-16,16,0,16,10,-16,20,10,0
536,2060052180,20,-16,16,0,16,10,-16,20,10,10
537,2060052586,20,-16,16,0,16,10,-16,20,10,20
538,2060052914,20,-16,16,0,16,10,-16,20,20,0
539,2060053258,20,-16,16,0,16,10,-16,20,20,10
540,2060053586,20,-16,16,0,16,10,-16,20,20,20
541,2060054008,20,-16,16,0,16,20,-16,0,0,0
542,2060054414,20,-16,16,0,16,20,-16,0,0,10
543,2060054758,20,-16,16,0,16,20,-16,0,0,20
544,2060055149,20,-16,16,0,16,20,-16,0,10,0
545,2060055446,20,-16,16,0,16,20,-16,0,10,10
546,2060055836,20,-16,16,0,16,20,-16,0,10,20
547,2060056243,20,-16,16,0,16,20,-16,0,20,0
548,2060056649,20,-16,16,0,16,20,-16,0,20,10
549,2060056977,20,-16,16,0,16,20,-16,0,20,20
550,2060057414,20,-16,16,0,16,20,-16,10,0,0
551,2060057649,20,-16,16,0,16,20,-16,10,0,10
552,2060058024,20,-16,16,0,16,20,-16,10,0,20
553,2060058336,20,-16,16,0,16,20,-16,10,10,0
554,2060058664,20,-16,16,0,16,20,-16,10,10,10
555,2060059024,20,-16,16,0,16,20,-16,10,10,20
556,2060059336,20,-16,16,0,16,20,-16,10,20,0
557,2060059680,20,-16,16,0,16,20,-16,10,20,10
558,2060060055,20,-16,16,0,16,20,-16,10,20,20
559,2060060477,20,-16,16,0,16,20,-16,20,0,0
560,2060060852,20,-16,16,0,16,20,-16,20,0,10
561,2060061180,20,-16,16,0,16,20,-16,20,0,20
562,2060061493,20,-16,16,0,16,20,-16,20,10,0
563,2060061899,20,-16,16,0,16,20,-16,20,10,10
564,2060062258,20,-16,16,0,16,20,-16,20,10,20
565,2060062633,20,-16,16,0,16,20,-16,20,20,0
566,2060062914,20,-16,16,0,16,20,-16,20,20,10
567,2060063305,20,-16,16,0,16,20,-16,20,20,20
568,2060063696,20,-16,16,10,16,0,-16,0,0,0
569,2060064118,20,-16,16,10,16,0,-16,0,0,10
570,2060064493,20,-16,16,10,16,0,-16,0,0,20
571,2060064805,20,-16,16,10,16,0,-16,0,10,0
572,2060065118,20,-16,16,10,16,0,-16,0,10,10
573,2060065430,20,-16,16,10,16,0,-16,0,10,20
574,2060065821,20,-16,16,10,16,0,-16,0,20,0
575,2060066149,20,-16,16,10,16,0,-16,0,20,10
576,2060066493,20,-16,16,10,16,0,-16,0,20,20
577,2060066821,20,-16,16,10,16,0,-16,10,0,0
578,2060067180,20,-16,16,10,16,0,-16,10,0,10
579,2060067539,20,-16,16,10,16,0,-16,10,0,20
580,2060068008,20,-16,16,10,16,0,-16,10,10,0
581,2060068305,20,-16,16,10,16,0,-16,10,10,10
582,2060068618,20,-16,16,10,16,0,-16,10,10,20
583,2060068993,20,-16,16,10,16,0,-16,10,20,0
584,2060069383,20,-16,16,10,16,0,-16,10,20,10
585,2060069696,20,-16,16,10,16,0,-16,10,20,20
586,2060070039,20,-16,16,10,16,0,-16,20,0,0
587,2060070430,20,-16,16,10,16,0,-16,20,0,10
588,2060070743,20,-16,16,10,16,0,-16,20,0,20
589,2060071102,20,-16,16,10,16,0,-16,20,10,0
590,2060071508,20,-16,16,10,16,0,-16,20,10,10
591,2060071946,20,-16,16,10,16,0,-16,20,10,20
592,2060072243,20,-16,16,10,16,0,-16,20,20,0
593,2060072586,20,-16,16,10,16,0,-16,20,20,10
594,2060072930,20,-16,16,10,16,0,-16,20,20,20
595,2060073274,20,-16,16,10,16,10,-16,0,0,0
596,2060073774,20,-16,16,10,16,10,-16,0,0,10
597,2060074164,20,-16,16,10,16,10,-16,0,0,20
598,2060074493,20,-16,16,10,16,10,-16,0,10,0
599,2060074914,20,-16,16,10,16,10,-16,0,10,10
600,2060075258,20,-16,16,10,16,10,-16,0,10,20
601,2060075696,20,-16,16,10,16,10,-16,0,20,0
602,2060075977,20,-16,16,10,16,10,-16,0,20,10
603,2060076461,20,-16,16,10,16,10,-16,0,20,20
604,2060076805,20,-16,16,10,16,10,-16,10,0,0
605,2060077055,20,-16,16,10,16,10,-16,10,0,10
606,2060077430,20,-16,16,10,16,10,-16,10,0,20
607,2060077852,20,-16,16,10,16,10,-16,10,10,0
608,2060078118,20,-16,16,10,16,10,-16,10,10,10
609,2060078571,20,-16,16,10,16,10,-16,10,10,20
610,2060078899,20,-16,16,10,16,10,-16,10,20,0
611,2060079211,20,-16,16,10,16,10,-16,10,20,10
612,2060079493,20,-16,16,10,16,10,-16,10,20,20
613,2060079854,20,-16,16,10,16,10,-16,20,0,0
614,2060080198,20,-16,16,10,16,10,-16,20,0,10
615,2060080510,20,-16,16,10,16,10,-16,20,0,20
616,2060080870,20,-16,16,10,16,10,-16,20,10,0
617,2060081245,20,-16,16,10,16,10,-16,20,10,10
618,2060081573,20,-16,16,10,16,10,-16,20,10,20
619,2060081838,20,-16,16,10,16,10,-16,20,20,0
620,2060082291,20,-16,16,10,16,10,-16,20,20,10
621,2060082666,20,-16,16,10,16,10,-16,20,20,20
622,2060083057,20,-16,16,10,16,20,-16,0,0,0
623,2060083432,20,-16,16,10,16,20,-16,0,0,10
624,2060083776,20,-16,16,10,16,20,-16,0,0,20
625,2060084120,20,-16,16,10,16,20,-16,0,10,0
626,2060084526,20,-16,16,10,16,20,-16,0,10,10
627,2060084854,20,-16,16,10,16,20,-16,0,10,20
628,2060085166,20,-16,16,10,16,20,-16,0,20,0
629,2060085573,20,-16,16,10,16,20,-16,0,20,10
630,2060085963,20,-16,16,10,16,20,-16,0,20,20
631,2060086213,20,-16,16,10,16,20,-16,10,0,0
632,2060086588,20,-16,16,10,16,20,-16,10,0,10
633,2060086885,20,-16,16,10,16,20,-16,10,0,20
634,2060087354,20,-16,16,10,16,20,-16,10,10,0
635,2060087666,20,-16,16,10,16,20,-16,10,10,10
636,2060088010,20,-16,16,10,16,20,-16,10,10,20
637,2060088338,20,-16,16,10,16,20,-16,10,20,0
638,2060088651,20,-16,16,10,16,20,-16,10,20,10
639,2060088995,20,-16,16,10,16,20,-16,10,20,20
640,2060089416,20,-16,16,10,16,20,-16,20,0,0
641,2060089745,20,-16,16,10,16,20,-16,20,0,10
642,2060090151,20,-16,16,10,16,20,-16,20,0,20
643,2060090620,20,-16,16,10,16,20,-16,20,10,0
644,2060090916,20,-16,16,10,16,20,-16,20,10,10
645,2060091323,20,-16,16,10,16,20,-16,20,10,20
646,2060091729,20,-16,16,10,16,20,-16,20,20,0
647,2060092120,20,-16,16,10,16,20,-16,20,20,10
648,2060092432,20,-16,16,10,16,20,-16,20,20,20
649,2060092823,20,-16,16,20,16,0,-16,0,0,0
650,2060093198,20,-16,16,20,16,0,-16,0,0,10
651,2060093588,20,-16,16,20,16,0,-16,0,0,20
652,2060093932,20,-16,16,20,16,0,-16,0,10,0
653,2060094323,20,-16,16,20,16,0,-16,0,10,10
654,2060094729,20,-16,16,20,16,0,-16,0,10,20
655,2060095073,20,-16,16,20,16,0,-16,0,20,0
656,2060095432,20,-16,16,20,16,0,-16,0,20,10
657,2060095729,20,-16,16,20,16,0,-16,0,20,20
658,2060096104,20,-16,16,20,16,0,-16,10,0,0
659,2060096479,20,-16,16,20,16,0,-16,10,0,10
660,2060096823,20,-16,16,20,16,0,-16,10,0,20
661,2060097260,20,-16,16,20,16,0,-16,10,10,0
662,2060097666,20,-16,16,20,16,0,-16,10,10,10
663,2060098041,20,-16,16,20,16,0,-16,10,10,20
664,2060098338,20,-16,16,20,16,0,-16,10,20,0
665,2060098698,20,-16,16,20,16,0,-16,10,20,10
666,2060099057,20,-16,16,20,16,0,-16,10,20,20
667,2060099463,20,-16,16,20,16,0,-16,20,0,0
668,2060099885,20,-16,16,20,16,0,-16,20,0,10
669,2060100276,20,-16,16,20,16,0,-16,20,0,20
670,2060100557,20,-16,16,20,16,0,-16,20,10,0
671,2060100932,20,-16,16,20,16,0,-16,20,10,10
672,2060101370,20,-16,16,20,16,0,-16,20,10,20
673,2060101729,20,-16,16,20,16,0,-16,20,20,0
674,2060101995,20,-16,16,20,16,0,-16,20,20,10
675,2060102385,20,-16,16,20,16,0,-16,20,20,20
676,2060102713,20,-16,16,20,16,10,-16,0,0,0
677,2060103010,20,-16,16,20,16,10,-16,0,0,10
678,2060103338,20,-16,16,20,16,10,-16,0,0,20
679,2060103745,20,-16,16,20,16,10,-16,0,10,0
680,2060104104,20,-16,16,20,16,10,-16,0,10,10
681,2060104432,20,-16,16,20,16,10,-16,0,10,20
682,2060104838,20,-16,16,20,16,10,-16,0,20,0
683,2060105229,20,-16,16,20,16,10,-16,0,20,10
684,2060105604,20,-16,16,20,16,10,-16,0,20,20
685,2060105932,20,-16,16,20,16,10,-16,10,0,0
686,2060106291,20,-16,16,20,16,10,-16,10,0,10
687,2060106682,20,-16,16,20,16,10,-16,10,0,20
688,2060106963,20,-16,16,20,16,10,-16,10,10,0
689,2060107354,20,-16,16,20,16,10,-16,10,10,10
690,2060107666,20,-16,16,20,16,10,-16,10,10,20
691,2060108041,20,-16,16,20,16,10,-16,10,20,0
692,2060108385,20,-16,16,20,16,10,-16,10,20,10
693,2060108760,20,-16,16,20,16,10,-16,10,20,20
694,2060109073,20,-16,16,20,16,10,-16,20,0,0
695,2060109448,20,-16,16,20,16,10,-16,20,0,10
696,2060109807,20,-16,16,20,16,10,-16,20,0,20
697,2060110182,20,-16,16,20,16,10,-16,20,10,0
698,2060110526,20,-16,16,20,16,10,-16,20,10,10
699,2060110885,20,-16,16,20,16,10,-16,20,10,20
700,2060111166,20,-16,16,20,16,10,-16,20,20,0
701,2060111479,20,-16,16,20,16,10,-16,20,20,10
702,2060111823,20,-16,16,20,16,10,-16,20,20,20
703,2060112245,20,-16,16,20,16,20,-16,0,0,0
704,2060112557,20,-16,16,20,16,20,-16,0,0,10
705,2060112885,20,-16,16,20,16,20,-16,0,0,20
706,2060113198,20,-16,16,20,16,20,-16,0,10,0
707,2060113510,20,-16,16,20,16,20,-16,0,10,10
708,2060113963,20,-16,16,20,16,20,-16,0,10,20
709,2060114276,20,-16,16,20,16,20,-16,0,20,0
710,2060114698,20,-16,16,20,16,20,-16,0,20,10
711,2060114979,20,-16,16,20,16,20,-16,0,20,20
712,2060115260,20,-16,16,20,16,20,-16,10,0,0
713,2060115620,20,-16,16,20,16,20,-16,10,0,10
714,2060115963,20,-16,16,20,16,20,-16,10,0,20
715,2060116291,20,-16,16,20,16,20,-16,10,10,0
716,2060116698,20,-16,16,20,16,20,-16,10,10,10
717,2060116995,20,-16,16,20,16,20,-16,10,10,20
718,2060117370,20,-16,16,20,16,20,-16,10,20,0
719,2060117791,20,-16,16,20,16,20,-16,10,20,10
720,2060118104,20,-16,16,20,16,20,-16,10,20,20
721,2060118463,20,-16,16,20,16,20,-16,20,0,0
722,2060118885,20,-16,16,20,16,20,-16,20,0,10
723,2060119338,20,-16,16,20,16,20,-16,20,0,20
724,2060119651,20,-16,16,20,16,20,-16,20,10,0
725,2060120026,20,-16,16,20,16,20,-16,20,10,10
726,2060120354,20,-16,16,20,16,20,-16,20,10,20
727,2060120791,20,-16,16,20,16,20,-16,20,20,0
728,2060121135,20,-16,16,20,16,20,-16,20,20,10
729,2060121541,20,-16,16,20,16,20,-16,20,20,20
